296304 296378 296191 296414 296549
296134 296550 296269 296380 295788 296194 295819 295913 295910 296063
296509 296065 296419 296312 295822 296135 296196 296623 296511 296618
296197 295758 296309 296551 296379 295612 296383 296142 296132 296303
296246 295942 295826 296280 296381 295855 296423 295856 295854 296062
296133 295941 296415 295763 295586 296615 296619 295589 296420 295725
295936 296247 296243 296270 296548 295816 295829 295859 295754 295861
296472 295755 295791 295831 296376 296547 296198 296553 296242 295860
296241 296195 296622 296066 295588 295723 295786 295759 296143 295909 296552

RUNNING:

DONE:
LHC18q: 296244, 296273
LHC18q_0: 296510, 296433, 296377
